{"nbformat":4,"nbformat_minor":0,"metadata":{"colab":{"name":"Anna Dalla Vecchia Finanza - Anna Dalla Vecchia.ipynb","provenance":[],"collapsed_sections":[]},"kernelspec":{"display_name":"Python 3","language":"python","name":"python3"},"language_info":{"codemirror_mode":{"name":"ipython","version":3},"file_extension":".py","mimetype":"text/x-python","name":"python","nbconvert_exporter":"python","pygments_lexer":"ipython3","version":"3.8.6"}},"cells":[{"cell_type":"markdown","metadata":{"id":"L_0e3nsz8YSu"},"source":["# €$£ Homework - Dati Finanziari per Pythoniani"]},{"cell_type":"markdown","metadata":{"id":"2mWlUN4D8YSy"},"source":["L'Azienda degli Ingegneri Matematici ti ha assegnato il compito di **analizzare le performance giornaliere** per le ultime 5 settimane del valore di chiusura giornaliero delle azioni di **ENEL, ENI, Ferrari e Intesa San Paolo**. Il tuo capo è molto fiscale, egli pretende che nell'analisi si usino il **minor numero di righe di codice Python** possibile e non si usino librerie. \n","\n","_Fonte: mercati.ilsole24ore.com_"]},{"cell_type":"code","metadata":{"id":"JPOOaNzc8YS0"},"source":["Dates = [\"31/08/2020\",\"1/9/2020\",\"2/9/2020\",\"3/9/2020\",\"4/9/2020\",\"7/9/2020\",\"8/9/2020\",\n","         \"9/9/2020\",\"10/9/2020\",\"11/9/2020\",\"14/09/2020\",\"15/09/2020\",\"16/09/2020\",\"17/09/2020\",\n","         \"18/09/2020\",\"21/09/2020\",\"22/09/2020\",\"23/09/2020\",\"24/09/2020\",\"25/09/2020\",\n","         \"28/09/2020\",\"29/09/2020\",\"30/09/2020\",\"1/10/2020\",\"2/10/2020\"]\n","\n","Stocks_Name = [\"Enel\",\"ENI\",\"Ferrari\",\"Intesa San Paolo\"]\n","\n","Stocks_Value = [[7.558,7.809,163.05,1.8012],\n","[7.518,7.774,162.85,1.804],\n","[7.61,7.666,165.4,1.7892],\n","[7.55,7.696,161.85,1.7758],\n","[7.392,7.623,160.7,1.7706],\n","[7.555,7.75,162.6,1.7938],\n","[7.495,7.542,161.25,1.7604],\n","[7.663,7.654,160.8,1.7934],\n","[7.612,7.609,160.05,1.8004],\n","[7.671,7.597,162.1,1.776],\n","[7.59,7.475,161.65,1.7768],\n","[7.627,7.607,162.35,1.7706],\n","[7.575,7.674,160.7,1.7546],\n","[7.401,7.633,160.55,1.7404],\n","[7.42,7.413,159.9,1.72],\n","[7.25,6.97,154.8,1.632],\n","[7.362,7.083,156.35,1.6424],\n","[7.431,6.969,156.45,1.6132],\n","[7.363,6.82,157.05,1.608],\n","[7.32,6.677,154.9,1.5806],\n","[7.465,6.855,157.2,1.6242],\n","[7.488,6.687,156.25,1.6124],\n","[7.431,6.685,157.05,1.6054],\n","[7.442,6.484,157,1.5854],\n","[7.459,6.472,155,1.5858]]"],"execution_count":null,"outputs":[]},{"cell_type":"markdown","metadata":{"id":"AjdE6FQF8YTC"},"source":["**1.** Trasponi la lista di liste delle azioni (invertendo righe e colonne) - _1 riga di codice_\n","\n","**2.** Trova i valori attesi (media) dei prezzi di ognuna delle 4 azioni - _1 riga di codice_\n","\n","**3.** Trova le deviazioni standard dei prezzi di ognuna delle 4 azioni - _1 riga di codice_\n","\n","**4.** Salva in una lista di liste tutte le possibili correlazioni tra i prezzi di ognuna delle 4 azioni - _1 riga di codice_\n","\n","**5.** Trova e salva per ogni giorno il nome dell'azienda la cui azione porterebbe ad un profitto maggiore o una perdita minore (in termini percentuali) se acquistata quel giorno e rivenduta il 2 Ottobre - _1 riga di codice_\n","\n","**6.** Generalizza il punto 5 anche per scadenze precedenti al 2 Ottobre - _1 riga di codice_\n","\n","**7.** Ripeti il punto 5, questa volta al fine di identificare il profitto minore o la perdita maggiore - _1 riga di codice_\n","\n","**FACOLTATIVO** (Solo per studenti di Quantitative Finance) Implementa un CRR (albero binomiale) in grado di prezzare un'opzione call con scadenza 01 / 11 / 2020 per ognuna di queste 4 azioni, stimando ove possibile i parametri necessari. - _tante righe di codice_\n","\n","Usa le List Comprehension in Python: [expression for item in list]\n","\n","anche annidate: [[expression for item1 in list1] for item2 in list2]\n","\n","Per ogni esigenza scrivere a Jean Paul Guglielmo Baroni +393315969286"]},{"cell_type":"code","metadata":{"id":"EDk2Obwx7JV0","outputId":"061814bd-293b-4bc3-b38d-d05e1ad70921"},"source":["list1= [[7.558,7.809,163.05,1.8012], [7.518,7.774,162.85,1.804],[7.61,7.666,165.4,1.7892], \n","                [7.55,7.696,161.85,1.7758],[7.392,7.623,160.7,1.7706],\n","[7.555,7.75,162.6,1.7938],\n","[7.495,7.542,161.25,1.7604],\n","[7.663,7.654,160.8,1.7934],\n","[7.612,7.609,160.05,1.8004],\n","[7.671,7.597,162.1,1.776],\n","[7.59,7.475,161.65,1.7768], \n","[7.627,7.607,162.35,1.7706],\n","[7.575,7.674,160.7,1.7546], \n","[7.401,7.633,160.55,1.7404],\n","[7.42,7.413,159.9,1.72],\n","[7.25,6.97,154.8,1.632],\n","[7.362,7.083,156.35,1.6424],\n","[7.431,6.969,156.45,1.6132],\n","[7.363,6.82,157.05,1.608],\n","[7.32,6.677,154.9,1.5806],\n","[7.465,6.855,157.2,1.6242],\n","[7.488,6.687,156.25,1.6124], \n","[7.431,6.685,157.05,1.6054], [7.442,6.484,157,1.5854],\n","[7.459,6.472,155,1.5858]]\n","\n","\n","#PUNTO 1\n","\n","matrix1=list1\n","\n","matrice=[[list1[i] for list1 in matrix1] for i in range(4)]\n","print(matrice)\n","\n","#PUNTO 2\n","\n","Enel=matrice[0]\n","\n","n1=len(Enel)\n","medEl=0\n","cont=0\n","\n","while cont<n1:\n","\n","    medEl=medEl+Enel[cont]\n","    cont=cont+1\n","    \n","media1=medEl/n1\n","print(media1)\n","\n","Eni=matrice[1]\n","cont=0\n","medEni=0\n","while cont<n1:\n","\n","    medEni=medEni+Enel[cont]\n","    cont=cont+1\n","    \n","media2=medEni/n1\n","print(media2)\n","\n","\n","Ferrari=matrice[2]\n","\n","medFE=0\n","cont=0\n","while cont<n1:\n","\n","    medFE=medFE+Ferrari[cont]\n","    cont=cont+1\n","    \n","media3=medFE/n1\n","print(media3)\n","\n","Intesa=matrice[3]\n","\n","medIN=0\n","cont=0\n","while cont<n1:\n","\n","    medIN=medIN+Intesa[cont]\n","    cont=cont+1\n","    \n","media4=medIN/n1\n","print(media4)\n"],"execution_count":null,"outputs":[{"output_type":"stream","text":["[[7.558, 7.518, 7.61, 7.55, 7.392, 7.555, 7.495, 7.663, 7.612, 7.671, 7.59, 7.627, 7.575, 7.401, 7.42, 7.25, 7.362, 7.431, 7.363, 7.32, 7.465, 7.488, 7.431, 7.442, 7.459], [7.809, 7.774, 7.666, 7.696, 7.623, 7.75, 7.542, 7.654, 7.609, 7.597, 7.475, 7.607, 7.674, 7.633, 7.413, 6.97, 7.083, 6.969, 6.82, 6.677, 6.855, 6.687, 6.685, 6.484, 6.472], [163.05, 162.85, 165.4, 161.85, 160.7, 162.6, 161.25, 160.8, 160.05, 162.1, 161.65, 162.35, 160.7, 160.55, 159.9, 154.8, 156.35, 156.45, 157.05, 154.9, 157.2, 156.25, 157.05, 157, 155], [1.8012, 1.804, 1.7892, 1.7758, 1.7706, 1.7938, 1.7604, 1.7934, 1.8004, 1.776, 1.7768, 1.7706, 1.7546, 1.7404, 1.72, 1.632, 1.6424, 1.6132, 1.608, 1.5806, 1.6242, 1.6124, 1.6054, 1.5854, 1.5858]]\n","7.489920000000001\n","7.489920000000001\n","159.514\n","1.7086640000000002\n"],"name":"stdout"}]},{"cell_type":"code","metadata":{"id":"5DUN9J487JWB"},"source":[""],"execution_count":null,"outputs":[]}]}