{"nbformat":4,"nbformat_minor":0,"metadata":{"colab":{"name":"Dati_Finanziari_Soluzione - Matteo Pierdomenico.ipynb","provenance":[],"collapsed_sections":[]},"kernelspec":{"display_name":"Python 3","language":"python","name":"python3"},"language_info":{"codemirror_mode":{"name":"ipython","version":3},"file_extension":".py","mimetype":"text/x-python","name":"python","nbconvert_exporter":"python","pygments_lexer":"ipython3","version":"3.8.5"}},"cells":[{"cell_type":"markdown","metadata":{"id":"L_0e3nsz8YSu"},"source":["# €$£ Homework - Dati Finanziari per Pythoniani"]},{"cell_type":"markdown","metadata":{"id":"2mWlUN4D8YSy"},"source":["L'Azienda degli Ingegneri Matematici ti ha assegnato il compito di **analizzare le performance giornaliere** per le ultime 5 settimane del valore di chiusura giornaliero delle azioni di **ENEL, ENI, Ferrari e Intesa San Paolo**. Il tuo capo è molto fiscale, egli pretende che nell'analisi si usino il **minor numero di righe di codice Python** possibile e non si usino librerie. \n","\n","_Fonte: mercati.ilsole24ore.com_"]},{"cell_type":"code","metadata":{"id":"JPOOaNzc8YS0","executionInfo":{"status":"error","timestamp":1602500076097,"user_tz":-120,"elapsed":45900,"user":{"displayName":"Corso Python","photoUrl":"https://lh3.googleusercontent.com/a-/AOh14GhUJnZlNXXV-eAoMnBindJd9r8g8VQoai18e-XA=s64","userId":"02320948615677398231"}},"outputId":"938fd089-b4d1-4891-bcaa-dbb56328728e","colab":{"base_uri":"https://localhost:8080/","height":712}},"source":["Dates = [\"31/08/2020\",\"1/9/2020\",\"2/9/2020\",\"3/9/2020\",\"4/9/2020\",\"7/9/2020\",\"8/9/2020\",\n","         \"9/9/2020\",\"10/9/2020\",\"11/9/2020\",\"14/09/2020\",\"15/09/2020\",\"16/09/2020\",\"17/09/2020\",\n","         \"18/09/2020\",\"21/09/2020\",\"22/09/2020\",\"23/09/2020\",\"24/09/2020\",\"25/09/2020\",\n","         \"28/09/2020\",\"29/09/2020\",\"30/09/2020\",\"1/10/2020\",\"2/10/2020\"]\n","\n","Stocks_Name = [\"Enel\",\"ENI\",\"Ferrari\",\"Intesa San Paolo\"]\n","\n","Stocks_Value = [[7.558,7.809,163.05,1.8012],\n","[7.518,7.774,162.85,1.804],\n","[7.61,7.666,165.4,1.7892],\n","[7.55,7.696,161.85,1.7758],\n","[7.392,7.623,160.7,1.7706],\n","[7.555,7.75,162.6,1.7938],\n","[7.495,7.542,161.25,1.7604],\n","[7.663,7.654,160.8,1.7934],\n","[7.612,7.609,160.05,1.8004],\n","[7.671,7.597,162.1,1.776],\n","[7.59,7.475,161.65,1.7768],\n","[7.627,7.607,162.35,1.7706],\n","[7.575,7.674,160.7,1.7546],\n","[7.401,7.633,160.55,1.7404],\n","[7.42,7.413,159.9,1.72],\n","[7.25,6.97,154.8,1.632],\n","[7.362,7.083,156.35,1.6424],\n","[7.431,6.969,156.45,1.6132],\n","[7.363,6.82,157.05,1.608],\n","[7.32,6.677,154.9,1.5806],\n","[7.465,6.855,157.2,1.6242],\n","[7.488,6.687,156.25,1.6124],\n","[7.431,6.685,157.05,1.6054],\n","[7.442,6.484,157,1.5854],\n","[7.459,6.472,155,1.5858]]\n","\n","\n","#####MyCode\n","\n","#Point1\n","Stocks_Value_T = list(map(list,zip(*Stocks_Value)))\n","print(Stocks_Value_T)\n","\n","\n","print(\"\")\n","#Point2 \n","print(list(map(lambda x: sum(x)/25,Stocks_Value_T))) #or print([sum(x)/25 for x in Stocks_Value_T])\n","\n","\n","print(\"\")\n","#Point3\n","print(list(map(lambda data: (sum([(x-sum(data)/25)**2 for x in data])/25)**0.5,Stocks_Value_T))) #or print([(sum([(x-sum(data)/25)**2 for x in data])/25)**0.5 for data in Stocks_Value_T])\n","\n","\n","print(\"\")\n","#Point4\n","Stock_Value_Correlation=[[sum([(x-sum(data1)/25)*(y-sum(data2)/25) for x,y in zip(data1,data2)])/(((sum([(x-sum(data1)/25)**2 for x in data1])/25)**0.5)*((sum([(y-sum(data2)/25)**2 for y in data2])/25)**0.5)) for data1 in Stocks_Value_T] for data2 in Stocks_Value_T]\n","\n","\n","print(\"\")\n","#Point5\n","More_profitable_Stocks_2_Oct = [[Stocks_Name[max((x,i) for i,x in enumerate(days))[1]]]for days in list(map(list,zip(*[[(data[-1]-data[g])/data[g] for g in range(len(data)-1)] for data in Stocks_Value_T])))]\n","print(More_profitable_Stocks_2_Oct)\n","\n","\n","print(\"\")\n","#point6\n","ind=Dates.index(input(\"type a date of selling in the list Dates \"))\n","More_profitable_Stocks_generalized = [[Stocks_Name[max((x,i) for i,x in enumerate(days))[1]]]for days in list(map(list,zip(*[[(data[ind]-data[g])/data[g] for g in range(ind)] for data in Stocks_Value_T])))]\n","print(More_profitable_Stocks_generalized)\n","\n","\n","print(\"\")\n","#point7\n","Less_profitable_Stocks_2_Oct = [[Stocks_Name[min((x,i) for i,x in enumerate(days))[1]]]for days in list(map(list,zip(*[[(data[-1]-data[g])/data[g] for g in range(len(data)-1)] for data in Stocks_Value_T])))]\n","print(Less_profitable_Stocks_2_Oct)\n"],"execution_count":1,"outputs":[{"output_type":"stream","text":["[[7.558, 7.518, 7.61, 7.55, 7.392, 7.555, 7.495, 7.663, 7.612, 7.671, 7.59, 7.627, 7.575, 7.401, 7.42, 7.25, 7.362, 7.431, 7.363, 7.32, 7.465, 7.488, 7.431, 7.442, 7.459], [7.809, 7.774, 7.666, 7.696, 7.623, 7.75, 7.542, 7.654, 7.609, 7.597, 7.475, 7.607, 7.674, 7.633, 7.413, 6.97, 7.083, 6.969, 6.82, 6.677, 6.855, 6.687, 6.685, 6.484, 6.472], [163.05, 162.85, 165.4, 161.85, 160.7, 162.6, 161.25, 160.8, 160.05, 162.1, 161.65, 162.35, 160.7, 160.55, 159.9, 154.8, 156.35, 156.45, 157.05, 154.9, 157.2, 156.25, 157.05, 157, 155], [1.8012, 1.804, 1.7892, 1.7758, 1.7706, 1.7938, 1.7604, 1.7934, 1.8004, 1.776, 1.7768, 1.7706, 1.7546, 1.7404, 1.72, 1.632, 1.6424, 1.6132, 1.608, 1.5806, 1.6242, 1.6124, 1.6054, 1.5854, 1.5858]]\n","\n","[7.489920000000001, 7.288959999999999, 159.514, 1.7086640000000002]\n","\n","[0.1083549426652979, 0.4481886638459299, 2.9617400291045115, 0.08426847989610349]\n","\n","\n","[['Enel'], ['Enel'], ['Enel'], ['Enel'], ['Enel'], ['Enel'], ['Enel'], ['Enel'], ['Enel'], ['Enel'], ['Enel'], ['Enel'], ['Enel'], ['Enel'], ['Enel'], ['Enel'], ['Enel'], ['Enel'], ['Enel'], ['Enel'], ['Enel'], ['Enel'], ['Enel'], ['Enel']]\n","\n"],"name":"stdout"},{"output_type":"error","ename":"KeyboardInterrupt","evalue":"ignored","traceback":["\u001b[0;31m---------------------------------------------------------------------------\u001b[0m","\u001b[0;31mKeyboardInterrupt\u001b[0m                         Traceback (most recent call last)","\u001b[0;32m/usr/local/lib/python3.6/dist-packages/ipykernel/kernelbase.py\u001b[0m in \u001b[0;36m_input_request\u001b[0;34m(self, prompt, ident, parent, password)\u001b[0m\n\u001b[1;32m    728\u001b[0m             \u001b[0;32mtry\u001b[0m\u001b[0;34m:\u001b[0m\u001b[0;34m\u001b[0m\u001b[0;34m\u001b[0m\u001b[0m\n\u001b[0;32m--> 729\u001b[0;31m                 \u001b[0mident\u001b[0m\u001b[0;34m,\u001b[0m \u001b[0mreply\u001b[0m \u001b[0;34m=\u001b[0m \u001b[0mself\u001b[0m\u001b[0;34m.\u001b[0m\u001b[0msession\u001b[0m\u001b[0;34m.\u001b[0m\u001b[0mrecv\u001b[0m\u001b[0;34m(\u001b[0m\u001b[0mself\u001b[0m\u001b[0;34m.\u001b[0m\u001b[0mstdin_socket\u001b[0m\u001b[0;34m,\u001b[0m \u001b[0;36m0\u001b[0m\u001b[0;34m)\u001b[0m\u001b[0;34m\u001b[0m\u001b[0;34m\u001b[0m\u001b[0m\n\u001b[0m\u001b[1;32m    730\u001b[0m             \u001b[0;32mexcept\u001b[0m \u001b[0mException\u001b[0m\u001b[0;34m:\u001b[0m\u001b[0;34m\u001b[0m\u001b[0;34m\u001b[0m\u001b[0m\n","\u001b[0;32m/usr/local/lib/python3.6/dist-packages/jupyter_client/session.py\u001b[0m in \u001b[0;36mrecv\u001b[0;34m(self, socket, mode, content, copy)\u001b[0m\n\u001b[1;32m    802\u001b[0m         \u001b[0;32mtry\u001b[0m\u001b[0;34m:\u001b[0m\u001b[0;34m\u001b[0m\u001b[0;34m\u001b[0m\u001b[0m\n\u001b[0;32m--> 803\u001b[0;31m             \u001b[0mmsg_list\u001b[0m \u001b[0;34m=\u001b[0m \u001b[0msocket\u001b[0m\u001b[0;34m.\u001b[0m\u001b[0mrecv_multipart\u001b[0m\u001b[0;34m(\u001b[0m\u001b[0mmode\u001b[0m\u001b[0;34m,\u001b[0m \u001b[0mcopy\u001b[0m\u001b[0;34m=\u001b[0m\u001b[0mcopy\u001b[0m\u001b[0;34m)\u001b[0m\u001b[0;34m\u001b[0m\u001b[0;34m\u001b[0m\u001b[0m\n\u001b[0m\u001b[1;32m    804\u001b[0m         \u001b[0;32mexcept\u001b[0m \u001b[0mzmq\u001b[0m\u001b[0;34m.\u001b[0m\u001b[0mZMQError\u001b[0m \u001b[0;32mas\u001b[0m \u001b[0me\u001b[0m\u001b[0;34m:\u001b[0m\u001b[0;34m\u001b[0m\u001b[0;34m\u001b[0m\u001b[0m\n","\u001b[0;32m/usr/local/lib/python3.6/dist-packages/zmq/sugar/socket.py\u001b[0m in \u001b[0;36mrecv_multipart\u001b[0;34m(self, flags, copy, track)\u001b[0m\n\u001b[1;32m    490\u001b[0m         \"\"\"\n\u001b[0;32m--> 491\u001b[0;31m         \u001b[0mparts\u001b[0m \u001b[0;34m=\u001b[0m \u001b[0;34m[\u001b[0m\u001b[0mself\u001b[0m\u001b[0;34m.\u001b[0m\u001b[0mrecv\u001b[0m\u001b[0;34m(\u001b[0m\u001b[0mflags\u001b[0m\u001b[0;34m,\u001b[0m \u001b[0mcopy\u001b[0m\u001b[0;34m=\u001b[0m\u001b[0mcopy\u001b[0m\u001b[0;34m,\u001b[0m \u001b[0mtrack\u001b[0m\u001b[0;34m=\u001b[0m\u001b[0mtrack\u001b[0m\u001b[0;34m)\u001b[0m\u001b[0;34m]\u001b[0m\u001b[0;34m\u001b[0m\u001b[0;34m\u001b[0m\u001b[0m\n\u001b[0m\u001b[1;32m    492\u001b[0m         \u001b[0;31m# have first part already, only loop while more to receive\u001b[0m\u001b[0;34m\u001b[0m\u001b[0;34m\u001b[0m\u001b[0;34m\u001b[0m\u001b[0m\n","\u001b[0;32mzmq/backend/cython/socket.pyx\u001b[0m in \u001b[0;36mzmq.backend.cython.socket.Socket.recv\u001b[0;34m()\u001b[0m\n","\u001b[0;32mzmq/backend/cython/socket.pyx\u001b[0m in \u001b[0;36mzmq.backend.cython.socket.Socket.recv\u001b[0;34m()\u001b[0m\n","\u001b[0;32mzmq/backend/cython/socket.pyx\u001b[0m in \u001b[0;36mzmq.backend.cython.socket._recv_copy\u001b[0;34m()\u001b[0m\n","\u001b[0;32m/usr/local/lib/python3.6/dist-packages/zmq/backend/cython/checkrc.pxd\u001b[0m in \u001b[0;36mzmq.backend.cython.checkrc._check_rc\u001b[0;34m()\u001b[0m\n","\u001b[0;31mKeyboardInterrupt\u001b[0m: ","\nDuring handling of the above exception, another exception occurred:\n","\u001b[0;31mKeyboardInterrupt\u001b[0m                         Traceback (most recent call last)","\u001b[0;32m<ipython-input-1-0d8d860f856f>\u001b[0m in \u001b[0;36m<module>\u001b[0;34m()\u001b[0m\n\u001b[1;32m     63\u001b[0m \u001b[0mprint\u001b[0m\u001b[0;34m(\u001b[0m\u001b[0;34m\"\"\u001b[0m\u001b[0;34m)\u001b[0m\u001b[0;34m\u001b[0m\u001b[0;34m\u001b[0m\u001b[0m\n\u001b[1;32m     64\u001b[0m \u001b[0;31m#point6\u001b[0m\u001b[0;34m\u001b[0m\u001b[0;34m\u001b[0m\u001b[0;34m\u001b[0m\u001b[0m\n\u001b[0;32m---> 65\u001b[0;31m \u001b[0mind\u001b[0m\u001b[0;34m=\u001b[0m\u001b[0mDates\u001b[0m\u001b[0;34m.\u001b[0m\u001b[0mindex\u001b[0m\u001b[0;34m(\u001b[0m\u001b[0minput\u001b[0m\u001b[0;34m(\u001b[0m\u001b[0;34m\"type a date of selling in the list Dates \"\u001b[0m\u001b[0;34m)\u001b[0m\u001b[0;34m)\u001b[0m\u001b[0;34m\u001b[0m\u001b[0;34m\u001b[0m\u001b[0m\n\u001b[0m\u001b[1;32m     66\u001b[0m \u001b[0mMore_profitable_Stocks_generalized\u001b[0m \u001b[0;34m=\u001b[0m \u001b[0;34m[\u001b[0m\u001b[0;34m[\u001b[0m\u001b[0mStocks_Name\u001b[0m\u001b[0;34m[\u001b[0m\u001b[0mmax\u001b[0m\u001b[0;34m(\u001b[0m\u001b[0;34m(\u001b[0m\u001b[0mx\u001b[0m\u001b[0;34m,\u001b[0m\u001b[0mi\u001b[0m\u001b[0;34m)\u001b[0m \u001b[0;32mfor\u001b[0m \u001b[0mi\u001b[0m\u001b[0;34m,\u001b[0m\u001b[0mx\u001b[0m \u001b[0;32min\u001b[0m \u001b[0menumerate\u001b[0m\u001b[0;34m(\u001b[0m\u001b[0mdays\u001b[0m\u001b[0;34m)\u001b[0m\u001b[0;34m)\u001b[0m\u001b[0;34m[\u001b[0m\u001b[0;36m1\u001b[0m\u001b[0;34m]\u001b[0m\u001b[0;34m]\u001b[0m\u001b[0;34m]\u001b[0m\u001b[0;32mfor\u001b[0m \u001b[0mdays\u001b[0m \u001b[0;32min\u001b[0m \u001b[0mlist\u001b[0m\u001b[0;34m(\u001b[0m\u001b[0mmap\u001b[0m\u001b[0;34m(\u001b[0m\u001b[0mlist\u001b[0m\u001b[0;34m,\u001b[0m\u001b[0mzip\u001b[0m\u001b[0;34m(\u001b[0m\u001b[0;34m*\u001b[0m\u001b[0;34m[\u001b[0m\u001b[0;34m[\u001b[0m\u001b[0;34m(\u001b[0m\u001b[0mdata\u001b[0m\u001b[0;34m[\u001b[0m\u001b[0mind\u001b[0m\u001b[0;34m]\u001b[0m\u001b[0;34m-\u001b[0m\u001b[0mdata\u001b[0m\u001b[0;34m[\u001b[0m\u001b[0mg\u001b[0m\u001b[0;34m]\u001b[0m\u001b[0;34m)\u001b[0m\u001b[0;34m/\u001b[0m\u001b[0mdata\u001b[0m\u001b[0;34m[\u001b[0m\u001b[0mg\u001b[0m\u001b[0;34m]\u001b[0m \u001b[0;32mfor\u001b[0m \u001b[0mg\u001b[0m \u001b[0;32min\u001b[0m \u001b[0mrange\u001b[0m\u001b[0;34m(\u001b[0m\u001b[0mind\u001b[0m\u001b[0;34m)\u001b[0m\u001b[0;34m]\u001b[0m \u001b[0;32mfor\u001b[0m \u001b[0mdata\u001b[0m \u001b[0;32min\u001b[0m \u001b[0mStocks_Value_T\u001b[0m\u001b[0;34m]\u001b[0m\u001b[0;34m)\u001b[0m\u001b[0;34m)\u001b[0m\u001b[0;34m)\u001b[0m\u001b[0;34m]\u001b[0m\u001b[0;34m\u001b[0m\u001b[0;34m\u001b[0m\u001b[0m\n\u001b[1;32m     67\u001b[0m \u001b[0mprint\u001b[0m\u001b[0;34m(\u001b[0m\u001b[0mMore_profitable_Stocks_generalized\u001b[0m\u001b[0;34m)\u001b[0m\u001b[0;34m\u001b[0m\u001b[0;34m\u001b[0m\u001b[0m\n","\u001b[0;32m/usr/local/lib/python3.6/dist-packages/ipykernel/kernelbase.py\u001b[0m in \u001b[0;36mraw_input\u001b[0;34m(self, prompt)\u001b[0m\n\u001b[1;32m    702\u001b[0m             \u001b[0mself\u001b[0m\u001b[0;34m.\u001b[0m\u001b[0m_parent_ident\u001b[0m\u001b[0;34m,\u001b[0m\u001b[0;34m\u001b[0m\u001b[0;34m\u001b[0m\u001b[0m\n\u001b[1;32m    703\u001b[0m             \u001b[0mself\u001b[0m\u001b[0;34m.\u001b[0m\u001b[0m_parent_header\u001b[0m\u001b[0;34m,\u001b[0m\u001b[0;34m\u001b[0m\u001b[0;34m\u001b[0m\u001b[0m\n\u001b[0;32m--> 704\u001b[0;31m             \u001b[0mpassword\u001b[0m\u001b[0;34m=\u001b[0m\u001b[0;32mFalse\u001b[0m\u001b[0;34m,\u001b[0m\u001b[0;34m\u001b[0m\u001b[0;34m\u001b[0m\u001b[0m\n\u001b[0m\u001b[1;32m    705\u001b[0m         )\n\u001b[1;32m    706\u001b[0m \u001b[0;34m\u001b[0m\u001b[0m\n","\u001b[0;32m/usr/local/lib/python3.6/dist-packages/ipykernel/kernelbase.py\u001b[0m in \u001b[0;36m_input_request\u001b[0;34m(self, prompt, ident, parent, password)\u001b[0m\n\u001b[1;32m    732\u001b[0m             \u001b[0;32mexcept\u001b[0m \u001b[0mKeyboardInterrupt\u001b[0m\u001b[0;34m:\u001b[0m\u001b[0;34m\u001b[0m\u001b[0;34m\u001b[0m\u001b[0m\n\u001b[1;32m    733\u001b[0m                 \u001b[0;31m# re-raise KeyboardInterrupt, to truncate traceback\u001b[0m\u001b[0;34m\u001b[0m\u001b[0;34m\u001b[0m\u001b[0;34m\u001b[0m\u001b[0m\n\u001b[0;32m--> 734\u001b[0;31m                 \u001b[0;32mraise\u001b[0m \u001b[0mKeyboardInterrupt\u001b[0m\u001b[0;34m\u001b[0m\u001b[0;34m\u001b[0m\u001b[0m\n\u001b[0m\u001b[1;32m    735\u001b[0m             \u001b[0;32melse\u001b[0m\u001b[0;34m:\u001b[0m\u001b[0;34m\u001b[0m\u001b[0;34m\u001b[0m\u001b[0m\n\u001b[1;32m    736\u001b[0m                 \u001b[0;32mbreak\u001b[0m\u001b[0;34m\u001b[0m\u001b[0;34m\u001b[0m\u001b[0m\n","\u001b[0;31mKeyboardInterrupt\u001b[0m: "]}]},{"cell_type":"markdown","metadata":{"id":"AjdE6FQF8YTC"},"source":["**1.** Trasponi la lista di liste delle azioni (invertendo righe e colonne) - _1 riga di codice_\n","\n","**2.** Trova i valori attesi (media) dei prezzi di ognuna delle 4 azioni - _1 riga di codice_\n","\n","**3.** Trova le deviazioni standard dei prezzi di ognuna delle 4 azioni - _1 riga di codice_\n","\n","**4.** Salva in una lista di liste tutte le possibili correlazioni tra i prezzi di ognuna delle 4 azioni - _1 riga di codice_\n","\n","**5.** Trova e salva per ogni giorno il nome dell'azienda la cui azione porterebbe ad un profitto maggiore o una perdita minore (in termini percentuali) se acquistata quel giorno e rivenduta il 2 Ottobre - _1 riga di codice_\n","\n","**6.** Generalizza il punto 5 anche per scadenze precedenti al 2 Ottobre - _1 riga di codice_\n","\n","**7.** Ripeti il punto 5, questa volta al fine di identificare il profitto minore o la perdita maggiore - _1 riga di codice_\n","\n","**FACOLTATIVO** (Solo per studenti di Quantitative Finance) Implementa un CRR (albero binomiale) in grado di prezzare un'opzione call con scadenza 01 / 11 / 2020 per ognuna di queste 4 azioni, stimando ove possibile i parametri necessari. - _tante righe di codice_\n","\n","Usa le List Comprehension in Python: [expression for item in list]\n","\n","anche annidate: [[expression for item1 in list1] for item2 in list2]\n","\n","Per ogni esigenza scrivere a Jean Paul Guglielmo Baroni +393315969286"]}]}