{"nbformat":4,"nbformat_minor":0,"metadata":{"colab":{"name":"Dati Finanziari_Maddaloni - Federica Maddaloni.ipynb","provenance":[],"collapsed_sections":[]},"kernelspec":{"display_name":"Python 3","language":"python","name":"python3"},"language_info":{"codemirror_mode":{"name":"ipython","version":3},"file_extension":".py","mimetype":"text/x-python","name":"python","nbconvert_exporter":"python","pygments_lexer":"ipython3","version":"3.8.6"}},"cells":[{"cell_type":"markdown","metadata":{"id":"L_0e3nsz8YSu"},"source":["# €$£ Homework - Dati Finanziari per Pythoniani"]},{"cell_type":"markdown","metadata":{"id":"2mWlUN4D8YSy"},"source":["L'Azienda degli Ingegneri Matematici ti ha assegnato il compito di **analizzare le performance giornaliere** per le ultime 5 settimane del valore di chiusura giornaliero delle azioni di **ENEL, ENI, Ferrari e Intesa San Paolo**. Il tuo capo è molto fiscale, egli pretende che nell'analisi si usino il **minor numero di righe di codice Python** possibile e non si usino librerie. \n","\n","_Fonte: mercati.ilsole24ore.com_"]},{"cell_type":"code","metadata":{"id":"JPOOaNzc8YS0","executionInfo":{"status":"ok","timestamp":1602457256914,"user_tz":-120,"elapsed":1469,"user":{"displayName":"Corso Python","photoUrl":"https://lh3.googleusercontent.com/a-/AOh14GhUJnZlNXXV-eAoMnBindJd9r8g8VQoai18e-XA=s64","userId":"02320948615677398231"}}},"source":["Dates = [\"31/08/2020\",\"1/9/2020\",\"2/9/2020\",\"3/9/2020\",\"4/9/2020\",\"7/9/2020\",\"8/9/2020\",\n","         \"9/9/2020\",\"10/9/2020\",\"11/9/2020\",\"14/09/2020\",\"15/09/2020\",\"16/09/2020\",\"17/09/2020\",\n","         \"18/09/2020\",\"21/09/2020\",\"22/09/2020\",\"23/09/2020\",\"24/09/2020\",\"25/09/2020\",\n","         \"28/09/2020\",\"29/09/2020\",\"30/09/2020\",\"1/10/2020\",\"2/10/2020\"]\n","\n","Stocks_Name = [\"Enel\",\"ENI\",\"Ferrari\",\"Intesa San Paolo\"]\n","\n","Stocks_Value = [[7.558,7.809,163.05,1.8012],\n","[7.518,7.774,162.85,1.804],\n","[7.61,7.666,165.4,1.7892],\n","[7.55,7.696,161.85,1.7758],\n","[7.392,7.623,160.7,1.7706],\n","[7.555,7.75,162.6,1.7938],\n","[7.495,7.542,161.25,1.7604],\n","[7.663,7.654,160.8,1.7934],\n","[7.612,7.609,160.05,1.8004],\n","[7.671,7.597,162.1,1.776],\n","[7.59,7.475,161.65,1.7768],\n","[7.627,7.607,162.35,1.7706],\n","[7.575,7.674,160.7,1.7546],\n","[7.401,7.633,160.55,1.7404],\n","[7.42,7.413,159.9,1.72],\n","[7.25,6.97,154.8,1.632],\n","[7.362,7.083,156.35,1.6424],\n","[7.431,6.969,156.45,1.6132],\n","[7.363,6.82,157.05,1.608],\n","[7.32,6.677,154.9,1.5806],\n","[7.465,6.855,157.2,1.6242],\n","[7.488,6.687,156.25,1.6124],\n","[7.431,6.685,157.05,1.6054],\n","[7.442,6.484,157,1.5854],\n","[7.459,6.472,155,1.5858]]"],"execution_count":1,"outputs":[]},{"cell_type":"markdown","metadata":{"id":"AjdE6FQF8YTC"},"source":["**1.** Trasponi la lista di liste delle azioni (invertendo righe e colonne) - _1 riga di codice_\n","\n","**2.** Trova i valori attesi (media) dei prezzi di ognuna delle 4 azioni - _1 riga di codice_\n","\n","**3.** Trova le deviazioni standard dei prezzi di ognuna delle 4 azioni - _1 riga di codice_\n","\n","**4.** Salva in una lista di liste tutte le possibili correlazioni tra i prezzi di ognuna delle 4 azioni - _1 riga di codice_\n","\n","**5.** Trova e salva per ogni giorno il nome dell'azienda la cui azione porterebbe ad un profitto maggiore o una perdita minore (in termini percentuali) se acquistata quel giorno e rivenduta il 2 Ottobre - _1 riga di codice_\n","\n","**6.** Generalizza il punto 5 anche per scadenze precedenti al 2 Ottobre - _1 riga di codice_\n","\n","**7.** Ripeti il punto 5, questa volta al fine di identificare il profitto minore o la perdita maggiore - _1 riga di codice_\n","\n","**FACOLTATIVO** (Solo per studenti di Quantitative Finance) Implementa un CRR (albero binomiale) in grado di prezzare un'opzione call con scadenza 01 / 11 / 2020 per ognuna di queste 4 azioni, stimando ove possibile i parametri necessari. - _tante righe di codice_\n","\n","Usa le List Comprehension in Python: [expression for item in list]\n","\n","anche annidate: [[expression for item1 in list1] for item2 in list2]\n","\n","Per ogni esigenza scrivere a Jean Paul Guglielmo Baroni +393315969286"]},{"cell_type":"code","metadata":{"id":"NjUYwh8Z5Kzn","executionInfo":{"status":"ok","timestamp":1602457268687,"user_tz":-120,"elapsed":928,"user":{"displayName":"Corso Python","photoUrl":"https://lh3.googleusercontent.com/a-/AOh14GhUJnZlNXXV-eAoMnBindJd9r8g8VQoai18e-XA=s64","userId":"02320948615677398231"}},"outputId":"baaaf202-e496-4659-ab05-77ce991829a5","colab":{"base_uri":"https://localhost:8080/","height":54}},"source":["#Punto 1\n","n = len(Stocks_Value)\n","m = len(Stocks_Name)\n","\n","Stocks = list(zip(*Stocks_Value))\n","\n","print(Stocks)"],"execution_count":2,"outputs":[{"output_type":"stream","text":["[(7.558, 7.518, 7.61, 7.55, 7.392, 7.555, 7.495, 7.663, 7.612, 7.671, 7.59, 7.627, 7.575, 7.401, 7.42, 7.25, 7.362, 7.431, 7.363, 7.32, 7.465, 7.488, 7.431, 7.442, 7.459), (7.809, 7.774, 7.666, 7.696, 7.623, 7.75, 7.542, 7.654, 7.609, 7.597, 7.475, 7.607, 7.674, 7.633, 7.413, 6.97, 7.083, 6.969, 6.82, 6.677, 6.855, 6.687, 6.685, 6.484, 6.472), (163.05, 162.85, 165.4, 161.85, 160.7, 162.6, 161.25, 160.8, 160.05, 162.1, 161.65, 162.35, 160.7, 160.55, 159.9, 154.8, 156.35, 156.45, 157.05, 154.9, 157.2, 156.25, 157.05, 157, 155), (1.8012, 1.804, 1.7892, 1.7758, 1.7706, 1.7938, 1.7604, 1.7934, 1.8004, 1.776, 1.7768, 1.7706, 1.7546, 1.7404, 1.72, 1.632, 1.6424, 1.6132, 1.608, 1.5806, 1.6242, 1.6124, 1.6054, 1.5854, 1.5858)]\n"],"name":"stdout"}]},{"cell_type":"code","metadata":{"id":"M5bwy7wm5Kzq","outputId":"ea81dd0e-3cd4-4e6b-8621-8b7bc056a283"},"source":["#Punto 2\n","mean = [sum(val)/n for val in Stocks]\n","\n","print(mean)"],"execution_count":null,"outputs":[{"output_type":"stream","text":["[7.489920000000001, 7.288959999999999, 159.514, 1.7086640000000002]\n"],"name":"stdout"}]},{"cell_type":"code","metadata":{"id":"9aygVJQd5Kzs","outputId":"11a9bf60-2654-4b4c-c819-cd7d26541cb9"},"source":["#Punto 3\n","std = [(sum([((x-mean[i])**2) for x in Stocks[i]])/n)**0.5 for i in range(m)]\n","\n","print(std)"],"execution_count":null,"outputs":[{"output_type":"stream","text":["[0.1083549426652979, 0.4481886638459299, 2.9617400291045115, 0.08426847989610349]\n"],"name":"stdout"}]},{"cell_type":"code","metadata":{"id":"wgWQRtuu5Kzv","outputId":"cab9eaf3-06c3-4ff8-d6e9-ae20ed9cd157"},"source":["#Punto 4\n","rho = [[sum([((Stocks[i][k]-mean[i])*(Stocks[j][k]-mean[j])) for k in range(n)])/(n*std[i]*std[j]) for i in range(m)]for j in range(m)]\n","\n","print(rho)"],"execution_count":null,"outputs":[{"output_type":"stream","text":["[[1.0, 0.5993757160950588, 0.7351169431018163, 0.7061394458301752], [0.5993757160950588, 1.0, 0.89697162857109, 0.9736195146995414], [0.7351169431018162, 0.8969716285710898, 1.0000000000000002, 0.9260913222448091], [0.7061394458301753, 0.9736195146995414, 0.9260913222448093, 1.0]]\n"],"name":"stdout"}]},{"cell_type":"code","metadata":{"id":"nkmK78r-5Kzx","outputId":"b9dbb919-f7a9-45b7-d6ce-0be48bf35e0d"},"source":["#Punto 5\n","Name = [[Stocks_Name[j]  for j in range(m) if (gain[j]==max(gain))] for gain in [[((Stocks_Value[n-1][j]-Stocks_Value[i][j])/Stocks_Value[i][j]) for j in range(m)] for i in range(n-1)] ]\n","\n","print(Name)"],"execution_count":null,"outputs":[{"output_type":"stream","text":["[['Enel'], ['Enel'], ['Enel'], ['Enel'], ['Enel'], ['Enel'], ['Enel'], ['Enel'], ['Enel'], ['Enel'], ['Enel'], ['Enel'], ['Enel'], ['Enel'], ['Enel'], ['Enel'], ['Enel'], ['Enel'], ['Enel'], ['Enel'], ['Enel'], ['Enel'], ['Enel'], ['Enel']]\n"],"name":"stdout"}]},{"cell_type":"code","metadata":{"id":"UzBk6nFk5Kz0","outputId":"9a47f6d3-fcf5-4eb2-80bc-ba88858a8418"},"source":["#Punto 6\n","#mat_gain_gen = [[[((Stocks_Value[-1-k][j]-Stocks_Value[i][j])/Stocks_Value[i][j]) for j in range(m)] for i in range(n-k-1)] for k in range(n-1)]\n","#Name_gen = [[[Stocks_Name[j]  for j in range(m) if (gain[j]==max(gain))] for gain in vec] for vec in mat_gain_gen]\n","#print(Name_gen)\n","\n","Date = input(\"Inserisci data di vendita (gg\\mm\\yyyy): \")\n","pos = [i for i in range(n) if Date == Dates[i]]\n","\n","Name_gen = [[Stocks_Name[j]  for j in range(m) if (gain[j]==max(gain))] for gain in [[((Stocks_Value[pos[0]][j]-Stocks_Value[i][j])/Stocks_Value[i][j]) for j in range(m)] for i in range(pos[0])]]\n","\n","print(Name_gen)"],"execution_count":null,"outputs":[{"output_type":"stream","text":["Inserisci data di vendita (gg\\mm\\yyyy): 23/09/2020\n","[['Enel'], ['Enel'], ['Enel'], ['Enel'], ['Enel'], ['Enel'], ['Enel'], ['Ferrari'], ['Ferrari'], ['Enel'], ['Enel'], ['Enel'], ['Enel'], ['Enel'], ['Enel'], ['Enel'], ['Enel']]\n"],"name":"stdout"}]},{"cell_type":"code","metadata":{"id":"4Ynaixw95Kz3","outputId":"52f1f520-0dd8-4545-afb3-2148cafaffae"},"source":["#Punto 7\n","max_prof = [[gain[j]  for j in range(m) if (gain[j]==max(gain))] for gain in [[((Stocks_Value[n-1][j]-Stocks_Value[i][j])/Stocks_Value[i][j]) for j in range(m)] for i in range(n-1)] ]\n","\n","print(max_prof)"],"execution_count":null,"outputs":[{"output_type":"stream","text":["[[-0.013098703360677455], [-0.00784783187017826], [-0.019842312746386422], [-0.012052980132450358], [0.009063852813852717], [-0.012706816677696901], [-0.004803202134756567], [-0.026621427639305837], [-0.020099842354177676], [-0.027636553252509532], [-0.01725955204216077], [-0.022027009309033715], [-0.015313531353135386], [0.007836778813673805], [0.005256064690026914], [0.028827586206896502], [0.013175767454495998], [0.0037679989234288224], [0.013038163791932527], [0.018989071038251277], [-0.0008037508372404859], [-0.0038728632478633547], [0.0037679989234288224], [0.002284332168771763]]\n"],"name":"stdout"}]}]}