{"nbformat":4,"nbformat_minor":0,"metadata":{"colab":{"name":"Segarini_finanza - simone segarini.ipynb","provenance":[],"collapsed_sections":[]},"kernelspec":{"display_name":"Python 3","language":"python","name":"python3"},"language_info":{"codemirror_mode":{"name":"ipython","version":3},"file_extension":".py","mimetype":"text/x-python","name":"python","nbconvert_exporter":"python","pygments_lexer":"ipython3","version":"3.8.6"}},"cells":[{"cell_type":"markdown","metadata":{"id":"L_0e3nsz8YSu"},"source":["# €$£ Homework - Dati Finanziari per Pythoniani"]},{"cell_type":"markdown","metadata":{"id":"2mWlUN4D8YSy"},"source":["L'Azienda degli Ingegneri Matematici ti ha assegnato il compito di **analizzare le performance giornaliere** per le ultime 5 settimane del valore di chiusura giornaliero delle azioni di **ENEL, ENI, Ferrari e Intesa San Paolo**. Il tuo capo è molto fiscale, egli pretende che nell'analisi si usino il **minor numero di righe di codice Python** possibile e non si usino librerie. \n","\n","_Fonte: mercati.ilsole24ore.com_"]},{"cell_type":"code","metadata":{"id":"JPOOaNzc8YS0","executionInfo":{"status":"ok","timestamp":1602499758582,"user_tz":-120,"elapsed":1469,"user":{"displayName":"Corso Python","photoUrl":"https://lh3.googleusercontent.com/a-/AOh14GhUJnZlNXXV-eAoMnBindJd9r8g8VQoai18e-XA=s64","userId":"02320948615677398231"}}},"source":["Dates = [\"31/08/2020\",\"1/9/2020\",\"2/9/2020\",\"3/9/2020\",\"4/9/2020\",\"7/9/2020\",\"8/9/2020\",\n","         \"9/9/2020\",\"10/9/2020\",\"11/9/2020\",\"14/09/2020\",\"15/09/2020\",\"16/09/2020\",\"17/09/2020\",\n","         \"18/09/2020\",\"21/09/2020\",\"22/09/2020\",\"23/09/2020\",\"24/09/2020\",\"25/09/2020\",\n","         \"28/09/2020\",\"29/09/2020\",\"30/09/2020\",\"1/10/2020\",\"2/10/2020\"]\n","\n","Stocks_Name = [\"Enel\",\"ENI\",\"Ferrari\",\"Intesa San Paolo\"]\n","\n","Stocks_Value = [[7.558,7.809,163.05,1.8012],\n","[7.518,7.774,162.85,1.804],\n","[7.61,7.666,165.4,1.7892],\n","[7.55,7.696,161.85,1.7758],\n","[7.392,7.623,160.7,1.7706],\n","[7.555,7.75,162.6,1.7938],\n","[7.495,7.542,161.25,1.7604],\n","[7.663,7.654,160.8,1.7934],\n","[7.612,7.609,160.05,1.8004],\n","[7.671,7.597,162.1,1.776],\n","[7.59,7.475,161.65,1.7768],\n","[7.627,7.607,162.35,1.7706],\n","[7.575,7.674,160.7,1.7546],\n","[7.401,7.633,160.55,1.7404],\n","[7.42,7.413,159.9,1.72],\n","[7.25,6.97,154.8,1.632],\n","[7.362,7.083,156.35,1.6424],\n","[7.431,6.969,156.45,1.6132],\n","[7.363,6.82,157.05,1.608],\n","[7.32,6.677,154.9,1.5806],\n","[7.465,6.855,157.2,1.6242],\n","[7.488,6.687,156.25,1.6124],\n","[7.431,6.685,157.05,1.6054],\n","[7.442,6.484,157,1.5854],\n","[7.459,6.472,155,1.5858]]"],"execution_count":1,"outputs":[]},{"cell_type":"code","metadata":{"id":"x9fy7Oh2bWNj","executionInfo":{"status":"ok","timestamp":1602499778125,"user_tz":-120,"elapsed":1121,"user":{"displayName":"Corso Python","photoUrl":"https://lh3.googleusercontent.com/a-/AOh14GhUJnZlNXXV-eAoMnBindJd9r8g8VQoai18e-XA=s64","userId":"02320948615677398231"}},"outputId":"78a533d3-be60-4a64-c0b8-9cf087b57fe2","colab":{"base_uri":"https://localhost:8080/","height":54}},"source":["#1\n","Stocks_values_trasp = [[Stocks_Value[j][i] for j in range(len(Stocks_Value))] for i in range(len(Stocks_Value[0]))]\n","print(Stocks_values_trasp)"],"execution_count":3,"outputs":[{"output_type":"stream","text":["[[7.558, 7.518, 7.61, 7.55, 7.392, 7.555, 7.495, 7.663, 7.612, 7.671, 7.59, 7.627, 7.575, 7.401, 7.42, 7.25, 7.362, 7.431, 7.363, 7.32, 7.465, 7.488, 7.431, 7.442, 7.459], [7.809, 7.774, 7.666, 7.696, 7.623, 7.75, 7.542, 7.654, 7.609, 7.597, 7.475, 7.607, 7.674, 7.633, 7.413, 6.97, 7.083, 6.969, 6.82, 6.677, 6.855, 6.687, 6.685, 6.484, 6.472], [163.05, 162.85, 165.4, 161.85, 160.7, 162.6, 161.25, 160.8, 160.05, 162.1, 161.65, 162.35, 160.7, 160.55, 159.9, 154.8, 156.35, 156.45, 157.05, 154.9, 157.2, 156.25, 157.05, 157, 155], [1.8012, 1.804, 1.7892, 1.7758, 1.7706, 1.7938, 1.7604, 1.7934, 1.8004, 1.776, 1.7768, 1.7706, 1.7546, 1.7404, 1.72, 1.632, 1.6424, 1.6132, 1.608, 1.5806, 1.6242, 1.6124, 1.6054, 1.5854, 1.5858]]\n"],"name":"stdout"}]},{"cell_type":"code","metadata":{"id":"u4eO2kNPbWNt","executionInfo":{"status":"ok","timestamp":1602499845695,"user_tz":-120,"elapsed":838,"user":{"displayName":"Corso Python","photoUrl":"https://lh3.googleusercontent.com/a-/AOh14GhUJnZlNXXV-eAoMnBindJd9r8g8VQoai18e-XA=s64","userId":"02320948615677398231"}},"outputId":"6db75e0d-07dc-4246-f592-3e78fe40e68e","colab":{"base_uri":"https://localhost:8080/","height":34}},"source":["#2\n","Estimated_values = []\n","\n","for i in range(len(Stocks_values_trasp)):\n","    somma = 0\n","    for j in range(len(Stocks_values_trasp[0])):\n","        somma += Stocks_values_trasp[i][j]\n","    Estimated_values.append((somma/len(Stocks_values_trasp[0])))\n","print(Estimated_values)"],"execution_count":5,"outputs":[{"output_type":"stream","text":["[7.489920000000001, 7.288959999999999, 159.514, 1.7086640000000002]\n"],"name":"stdout"}]},{"cell_type":"code","metadata":{"id":"21dAMc9ebWN5","executionInfo":{"status":"ok","timestamp":1602499847945,"user_tz":-120,"elapsed":624,"user":{"displayName":"Corso Python","photoUrl":"https://lh3.googleusercontent.com/a-/AOh14GhUJnZlNXXV-eAoMnBindJd9r8g8VQoai18e-XA=s64","userId":"02320948615677398231"}},"outputId":"6124a704-f2d2-489c-8003-4753e1dd7665","colab":{"base_uri":"https://localhost:8080/","height":34}},"source":["#3\n","sd = []\n","\n","n = len(Stocks_values_trasp)\n","m = len(Stocks_values_trasp[0])\n","\n","for i in range(n):\n","    temp = 0\n","    for j in range(m):\n","        temp += (Stocks_values_trasp[i][j] - Estimated_values[i])**2\n","    sd.append((temp/(m-1))**(1/2))\n","print(sd)"],"execution_count":6,"outputs":[{"output_type":"stream","text":["[0.1083549426652979, 0.4481886638459299, 2.9617400291045115, 0.08426847989610349]\n"],"name":"stdout"}]},{"cell_type":"code","metadata":{"id":"lY_BjsQ1bWOB","outputId":"3f3712e3-d89a-47c2-8429-858594e8d04f"},"source":["#4\n","cor = []\n","\n","n = len(Stocks_values_trasp)\n","m = len(Stocks_values_trasp[0])\n","\n","for i in range(n):\n","    cor_temp = []\n","    for j in range(n):\n","        cov = 0\n","        for h in range(m):\n","            cov += (Stocks_values_trasp[i][h] - Estimated_values[i])*(Stocks_values_trasp[j][h] - Estimated_values[j])\n","        cor_temp.append(cov/((m-1)*sd[i]*sd[j]))\n","    cor.append(cor_temp)\n","print(cor)"],"execution_count":null,"outputs":[{"output_type":"stream","text":["[[1.0, 0.5993757160950588, 0.7351169431018162, 0.7061394458301753], [0.5993757160950589, 1.0000000000000002, 0.8969716285710898, 0.9736195146995417], [0.7351169431018162, 0.8969716285710898, 0.9999999999999999, 0.9260913222448091], [0.7061394458301754, 0.9736195146995417, 0.9260913222448092, 1.0000000000000002]]\n"],"name":"stdout"}]},{"cell_type":"code","metadata":{"id":"Mlk7iHiMbWOK","outputId":"37d549cc-fb69-46fd-ea24-b4fc69d79737"},"source":["#5\n","aziende_top = []\n","\n","n = len(Stocks_Value)\n","m = len(Stocks_Value[0])\n","\n","for i in range(n):\n","    azienda_migliore = None\n","    guadagno_azione = []\n","    for j in range(m):\n","        guadagno_azione.append((Stocks_Value[-1][j] - Stocks_Value[i][j])/(Stocks_Value[i][j]))\n","    guadagno_max = max(guadagno_azione)\n","    for j in range(m):\n","        if(guadagno_azione[j] == guadagno_max):\n","            azienda_migliore = Stocks_Name[j]\n","            break\n","    aziende_top.append(azienda_migliore)\n","print(aziende_top)"],"execution_count":null,"outputs":[{"output_type":"stream","text":["['Enel', 'Enel', 'Enel', 'Enel', 'Enel', 'Enel', 'Enel', 'Enel', 'Enel', 'Enel', 'Enel', 'Enel', 'Enel', 'Enel', 'Enel', 'Enel', 'Enel', 'Enel', 'Enel', 'Enel', 'Enel', 'Enel', 'Enel', 'Enel', 'Enel']\n"],"name":"stdout"}]},{"cell_type":"code","metadata":{"id":"SKe7INfcbWOT","outputId":"89b3a9c9-d45f-4707-f0ed-395953904f58"},"source":["#6\n","aziende_top_dbd = []\n","\n","n = len(Stocks_Value)\n","m = len(Stocks_Value[0])\n","\n","for k in range(n):\n","    aziende_top = []\n","    i = 0\n","    while i < k:\n","        azienda_migliore = None\n","        guadagno_azione = []\n","        for j in range(m):\n","            guadagno_azione.append((Stocks_Value[k][j] - Stocks_Value[i][j])/(Stocks_Value[i][j]))\n","        guadagno_max = max(guadagno_azione)\n","        for j in range(m):\n","            if(guadagno_azione[j] == guadagno_max):\n","                azienda_migliore = Stocks_Name[j]\n","                break\n","        aziende_top.append(azienda_migliore)\n","        i += 1\n","    aziende_top_dbd.append(aziende_top)\n","print(aziende_top_dbd)"],"execution_count":null,"outputs":[{"output_type":"stream","text":["[[], ['Intesa San Paolo'], ['Ferrari', 'Ferrari'], ['Enel', 'Enel', 'ENI'], ['Ferrari', 'Ferrari', 'ENI', 'Intesa San Paolo'], ['Enel', 'Enel', 'ENI', 'Intesa San Paolo', 'Enel'], ['Enel', 'Enel', 'Enel', 'Ferrari', 'Enel', 'Enel'], ['Enel', 'Enel', 'Enel', 'Enel', 'Enel', 'Enel', 'Enel'], ['Enel', 'Enel', 'Intesa San Paolo', 'Intesa San Paolo', 'Enel', 'Enel', 'Intesa San Paolo', 'Intesa San Paolo'], ['Enel', 'Enel', 'Enel', 'Enel', 'Enel', 'Enel', 'Enel', 'Ferrari', 'Ferrari'], ['Enel', 'Enel', 'Enel', 'Enel', 'Enel', 'Enel', 'Enel', 'Ferrari', 'Ferrari', 'Intesa San Paolo'], ['Enel', 'Enel', 'Enel', 'Enel', 'Enel', 'Enel', 'Enel', 'Ferrari', 'Ferrari', 'Ferrari', 'ENI'], ['Enel', 'Enel', 'ENI', 'Enel', 'Enel', 'Enel', 'ENI', 'ENI', 'ENI', 'ENI', 'ENI', 'ENI'], ['Ferrari', 'Ferrari', 'ENI', 'Ferrari', 'ENI', 'Ferrari', 'ENI', 'Ferrari', 'ENI', 'ENI', 'ENI', 'ENI', 'Ferrari'], ['Enel', 'Enel', 'Enel', 'Ferrari', 'Enel', 'Ferrari', 'Ferrari', 'Ferrari', 'Ferrari', 'Ferrari', 'ENI', 'Ferrari', 'Ferrari', 'Enel'], ['Enel', 'Enel', 'Enel', 'Enel', 'Enel', 'Enel', 'Enel', 'Ferrari', 'Ferrari', 'Ferrari', 'Ferrari', 'Ferrari', 'Ferrari', 'Enel', 'Enel'], ['Enel', 'Enel', 'Enel', 'Enel', 'Enel', 'Enel', 'Enel', 'Ferrari', 'Ferrari', 'Ferrari', 'Enel', 'Enel', 'Ferrari', 'Enel', 'Enel', 'ENI'], ['Enel', 'Enel', 'Enel', 'Enel', 'Enel', 'Enel', 'Enel', 'Ferrari', 'Ferrari', 'Enel', 'Enel', 'Enel', 'Enel', 'Enel', 'Enel', 'Enel', 'Enel'], ['Enel', 'Enel', 'Enel', 'Enel', 'Enel', 'Enel', 'Enel', 'Ferrari', 'Ferrari', 'Ferrari', 'Ferrari', 'Ferrari', 'Ferrari', 'Enel', 'Enel', 'Enel', 'Ferrari', 'Ferrari'], ['Enel', 'Enel', 'Enel', 'Enel', 'Enel', 'Enel', 'Enel', 'Ferrari', 'Ferrari', 'Ferrari', 'Enel', 'Enel', 'Enel', 'Enel', 'Enel', 'Enel', 'Enel', 'Ferrari', 'Enel'], ['Enel', 'Enel', 'Enel', 'Enel', 'Enel', 'Enel', 'Enel', 'Ferrari', 'Ferrari', 'Enel', 'Enel', 'Enel', 'Enel', 'Enel', 'Enel', 'Enel', 'Enel', 'Intesa San Paolo', 'Enel', 'Intesa San Paolo'], ['Enel', 'Enel', 'Enel', 'Enel', 'Enel', 'Enel', 'Enel', 'Enel', 'Enel', 'Enel', 'Enel', 'Enel', 'Enel', 'Enel', 'Enel', 'Enel', 'Enel', 'Enel', 'Enel', 'Enel', 'Enel'], ['Enel', 'Enel', 'Enel', 'Enel', 'Enel', 'Enel', 'Enel', 'Ferrari', 'Ferrari', 'Ferrari', 'Enel', 'Enel', 'Enel', 'Enel', 'Enel', 'Enel', 'Enel', 'Ferrari', 'Enel', 'Intesa San Paolo', 'Ferrari', 'Ferrari'], ['Enel', 'Enel', 'Enel', 'Enel', 'Enel', 'Enel', 'Enel', 'Ferrari', 'Ferrari', 'Enel', 'Enel', 'Enel', 'Enel', 'Enel', 'Enel', 'Enel', 'Enel', 'Ferrari', 'Enel', 'Enel', 'Ferrari', 'Ferrari', 'Enel'], ['Enel', 'Enel', 'Enel', 'Enel', 'Enel', 'Enel', 'Enel', 'Enel', 'Enel', 'Enel', 'Enel', 'Enel', 'Enel', 'Enel', 'Enel', 'Enel', 'Enel', 'Enel', 'Enel', 'Enel', 'Enel', 'Enel', 'Enel', 'Enel']]\n"],"name":"stdout"}]},{"cell_type":"code","metadata":{"id":"c4wKqWVqbWOe","outputId":"f6afe5b8-8fb7-4540-83c0-adbf79b92587"},"source":["#7\n","aziende_flop = []\n","\n","n = len(Stocks_Value)\n","m = len(Stocks_Value[0])\n","\n","for i in range(n):\n","    azienda_peggiore = None\n","    guadagno_azione = []\n","    for j in range(m):\n","        guadagno_azione.append((Stocks_Value[-1][j] - Stocks_Value[i][j])/(Stocks_Value[i][j]))\n","    guadagno_min = min(guadagno_azione)\n","    for j in range(m):\n","        if(guadagno_azione[j] == guadagno_min):\n","            azienda_peggiore = Stocks_Name[j]\n","            break\n","    aziende_flop.append(azienda_peggiore)\n","print(aziende_flop)"],"execution_count":null,"outputs":[{"output_type":"stream","text":["['ENI', 'ENI', 'ENI', 'ENI', 'ENI', 'ENI', 'ENI', 'ENI', 'ENI', 'ENI', 'ENI', 'ENI', 'ENI', 'ENI', 'ENI', 'ENI', 'ENI', 'ENI', 'ENI', 'ENI', 'ENI', 'ENI', 'ENI', 'Ferrari', 'Enel']\n"],"name":"stdout"}]},{"cell_type":"markdown","metadata":{"id":"AjdE6FQF8YTC"},"source":["**1.** Trasponi la lista di liste delle azioni (invertendo righe e colonne) - _1 riga di codice_\n","\n","**2.** Trova i valori attesi (media) dei prezzi di ognuna delle 4 azioni - _1 riga di codice_\n","\n","**3.** Trova le deviazioni standard dei prezzi di ognuna delle 4 azioni - _1 riga di codice_\n","\n","**4.** Salva in una lista di liste tutte le possibili correlazioni tra i prezzi di ognuna delle 4 azioni - _1 riga di codice_\n","\n","**5.** Trova e salva per ogni giorno il nome dell'azienda la cui azione porterebbe ad un profitto maggiore o una perdita minore (in termini percentuali) se acquistata quel giorno e rivenduta il 2 Ottobre - _1 riga di codice_\n","\n","**6.** Generalizza il punto 5 anche per scadenze precedenti al 2 Ottobre - _1 riga di codice_\n","\n","**7.** Ripeti il punto 5, questa volta al fine di identificare il profitto minore o la perdita maggiore - _1 riga di codice_\n","\n","**FACOLTATIVO** (Solo per studenti di Quantitative Finance) Implementa un CRR (albero binomiale) in grado di prezzare un'opzione call con scadenza 01 / 11 / 2020 per ognuna di queste 4 azioni, stimando ove possibile i parametri necessari. - _tante righe di codice_\n","\n","Usa le List Comprehension in Python: [expression for item in list]\n","\n","anche annidate: [[expression for item1 in list1] for item2 in list2]\n","\n","Per ogni esigenza scrivere a Jean Paul Guglielmo Baroni +393315969286"]},{"cell_type":"code","metadata":{"id":"7YTKRT2pbWOq"},"source":[""],"execution_count":null,"outputs":[]}]}