{"nbformat":4,"nbformat_minor":0,"metadata":{"kernelspec":{"display_name":"Python 3","language":"python","name":"python3"},"language_info":{"codemirror_mode":{"name":"ipython","version":3},"file_extension":".py","mimetype":"text/x-python","name":"python","nbconvert_exporter":"python","pygments_lexer":"ipython3","version":"3.8.5"},"colab":{"name":"Solution.ipynb","provenance":[]}},"cells":[{"cell_type":"code","metadata":{"id":"p7p9WeY_jbZf","executionInfo":{"status":"ok","timestamp":1602427563057,"user_tz":-120,"elapsed":1886,"user":{"displayName":"jpg","photoUrl":"https://lh3.googleusercontent.com/a-/AOh14GiyRZjvPuqAYQ-IpFnnFdrs7skV1zx9rkxURffn=s64","userId":"00917728463215569024"}}},"source":["Dates = [\"31/08/2020\",\"1/9/2020\",\"2/9/2020\",\"3/9/2020\",\"4/9/2020\",\"7/9/2020\",\"8/9/2020\",\n","         \"9/9/2020\",\"10/9/2020\",\"11/9/2020\",\"14/09/2020\",\"15/09/2020\",\"16/09/2020\",\"17/09/2020\",\n","         \"18/09/2020\",\"21/09/2020\",\"22/09/2020\",\"23/09/2020\",\"24/09/2020\",\"25/09/2020\",\n","         \"28/09/2020\",\"29/09/2020\",\"30/09/2020\",\"1/10/2020\",\"2/10/2020\"]\n","\n","Stocks_Name = [\"Enel\",\"ENI\",\"Ferrari\",\"Intesa San Paolo\"]\n","\n","Stocks_Value = [[7.558,7.809,163.05,1.8012],\n","[7.518,7.774,162.85,1.804],\n","[7.61,7.666,165.4,1.7892],\n","[7.55,7.696,161.85,1.7758],\n","[7.392,7.623,160.7,1.7706],\n","[7.555,7.75,162.6,1.7938],\n","[7.495,7.542,161.25,1.7604],\n","[7.663,7.654,160.8,1.7934],\n","[7.612,7.609,160.05,1.8004],\n","[7.671,7.597,162.1,1.776],\n","[7.59,7.475,161.65,1.7768],\n","[7.627,7.607,162.35,1.7706],\n","[7.575,7.674,160.7,1.7546],\n","[7.401,7.633,160.55,1.7404],\n","[7.42,7.413,159.9,1.72],\n","[7.25,6.97,154.8,1.632],\n","[7.362,7.083,156.35,1.6424],\n","[7.431,6.969,156.45,1.6132],\n","[7.363,6.82,157.05,1.608],\n","[7.32,6.677,154.9,1.5806],\n","[7.465,6.855,157.2,1.6242],\n","[7.488,6.687,156.25,1.6124],\n","[7.431,6.685,157.05,1.6054],\n","[7.442,6.484,157,1.5854],\n","[7.459,6.472,155,1.5858]]"],"execution_count":4,"outputs":[]},{"cell_type":"code","metadata":{"id":"8iEA4eFRjbZt","executionInfo":{"status":"ok","timestamp":1602427577293,"user_tz":-120,"elapsed":1319,"user":{"displayName":"jpg","photoUrl":"https://lh3.googleusercontent.com/a-/AOh14GiyRZjvPuqAYQ-IpFnnFdrs7skV1zx9rkxURffn=s64","userId":"00917728463215569024"}},"outputId":"5269e2f2-c589-4e14-efde-4ca21ac53906","colab":{"base_uri":"https://localhost:8080/","height":138}},"source":["Stocks = [ENEL,ENI,RACE,ISP] = [[stocks_today[i] for stocks_today in Stocks_Value] for i in range(0,4)]\n","print(\"\\n Ordered Stocks:\")\n","_ = [print(st) for st in Stocks]"],"execution_count":6,"outputs":[{"output_type":"stream","text":["\n"," Ordered Stocks:\n","[7.558, 7.518, 7.61, 7.55, 7.392, 7.555, 7.495, 7.663, 7.612, 7.671, 7.59, 7.627, 7.575, 7.401, 7.42, 7.25, 7.362, 7.431, 7.363, 7.32, 7.465, 7.488, 7.431, 7.442, 7.459]\n","[7.809, 7.774, 7.666, 7.696, 7.623, 7.75, 7.542, 7.654, 7.609, 7.597, 7.475, 7.607, 7.674, 7.633, 7.413, 6.97, 7.083, 6.969, 6.82, 6.677, 6.855, 6.687, 6.685, 6.484, 6.472]\n","[163.05, 162.85, 165.4, 161.85, 160.7, 162.6, 161.25, 160.8, 160.05, 162.1, 161.65, 162.35, 160.7, 160.55, 159.9, 154.8, 156.35, 156.45, 157.05, 154.9, 157.2, 156.25, 157.05, 157, 155]\n","[1.8012, 1.804, 1.7892, 1.7758, 1.7706, 1.7938, 1.7604, 1.7934, 1.8004, 1.776, 1.7768, 1.7706, 1.7546, 1.7404, 1.72, 1.632, 1.6424, 1.6132, 1.608, 1.5806, 1.6242, 1.6124, 1.6054, 1.5854, 1.5858]\n"],"name":"stdout"}]},{"cell_type":"code","metadata":{"id":"uJhfPTBBjbZ5","executionInfo":{"status":"ok","timestamp":1602427584552,"user_tz":-120,"elapsed":2001,"user":{"displayName":"jpg","photoUrl":"https://lh3.googleusercontent.com/a-/AOh14GiyRZjvPuqAYQ-IpFnnFdrs7skV1zx9rkxURffn=s64","userId":"00917728463215569024"}},"outputId":"38821d63-93bf-4dcd-e2d8-953eb71851b7","colab":{"base_uri":"https://localhost:8080/","height":218}},"source":["num_days = len(Stocks[0])\n","\n","Stocks_Mean = [sum(Stocks[i])/num_days for i in range(0,4)]\n","print(\"\\n Means:\")\n","print(Stocks_Mean)\n","\n","Stocks_Std = [((sum([(so-Stocks_Mean[i])**2 for so in Stocks[i]])/(num_days-1)))**0.5 for i in range(0,4)]\n","print(\"\\n Std:\")\n","print(Stocks_Std)\n","\n","Correlations = [[sum([(Stocks[i][k]-Stocks_Mean[i])*(Stocks[j][k]-Stocks_Mean[i]) for k in range(0,num_days)])\n","                 /(num_days-1)/Stocks_Std[i]/Stocks_Std[j] for i in range(0,4)] for j in range(0,4)]\n","\n","print(\"\\n Correlations:\")\n","_ = [print(corr) for corr in Correlations]"],"execution_count":7,"outputs":[{"output_type":"stream","text":["\n"," Means:\n","[7.489920000000001, 7.288959999999999, 159.514, 1.7086640000000002]\n","\n"," Std:\n","[0.1105893002660444, 0.45743063955095964, 3.022813259200772, 0.08600615714393164]\n","\n"," Correlations:\n","[1.0, 0.5993757160950618, 0.7351169431061674, 0.7061394458300596]\n","[0.5993757160950608, 1.0000000000000002, 0.8969716285720989, 0.9736195146995132]\n","[0.7351169431015653, 0.8969716285711611, 1.0, 0.9260913222446933]\n","[0.7061394458305099, 0.9736195146994453, 0.926091322250476, 1.0000000000000002]\n"],"name":"stdout"}]},{"cell_type":"code","metadata":{"id":"daDRcGXRjbaE","executionInfo":{"status":"ok","timestamp":1602427589658,"user_tz":-120,"elapsed":1565,"user":{"displayName":"jpg","photoUrl":"https://lh3.googleusercontent.com/a-/AOh14GiyRZjvPuqAYQ-IpFnnFdrs7skV1zx9rkxURffn=s64","userId":"00917728463215569024"}},"outputId":"0ec39f56-a51c-4ecc-823b-2900f326ad00","colab":{"base_uri":"https://localhost:8080/","height":70}},"source":["day_idx = Dates.index(\"2/10/2020\")\n","\n","bestprofit = [[Stocks_Name[k] for k in range(0,4) if s[k]/Stocks[k][day_idx] == min([s[i]/Stocks[i][day_idx] for i in range(0,4)])][0] for s in Stocks_Value][:day_idx] \n","print(bestprofit)\n","\n","worstprofit = [[Stocks_Name[k] for k in range(0,4) if s[k]/Stocks[k][day_idx] == max([s[i]/Stocks[i][day_idx] for i in range(0,4)])][0] for s in Stocks_Value][:day_idx]\n","print(worstprofit)"],"execution_count":8,"outputs":[{"output_type":"stream","text":["['Enel', 'Enel', 'Enel', 'Enel', 'Enel', 'Enel', 'Enel', 'Enel', 'Enel', 'Enel', 'Enel', 'Enel', 'Enel', 'Enel', 'Enel', 'Enel', 'Enel', 'Enel', 'Enel', 'Enel', 'Enel', 'Enel', 'Enel', 'Enel']\n","['ENI', 'ENI', 'ENI', 'ENI', 'ENI', 'ENI', 'ENI', 'ENI', 'ENI', 'ENI', 'ENI', 'ENI', 'ENI', 'ENI', 'ENI', 'ENI', 'ENI', 'ENI', 'ENI', 'ENI', 'ENI', 'ENI', 'ENI', 'Ferrari']\n"],"name":"stdout"}]}]}