{"cells":[{"cell_type":"code","execution_count":null,"metadata":{"id":"p7p9WeY_jbZf"},"outputs":[],"source":["Dates = [\"31/08/2020\",\"1/9/2020\",\"2/9/2020\",\"3/9/2020\",\"4/9/2020\",\"7/9/2020\",\"8/9/2020\",\n","         \"9/9/2020\",\"10/9/2020\",\"11/9/2020\",\"14/09/2020\",\"15/09/2020\",\"16/09/2020\",\"17/09/2020\",\n","         \"18/09/2020\",\"21/09/2020\",\"22/09/2020\",\"23/09/2020\",\"24/09/2020\",\"25/09/2020\",\n","         \"28/09/2020\",\"29/09/2020\",\"30/09/2020\",\"1/10/2020\",\"2/10/2020\"]\n","\n","Stocks_Name = [\"Enel\",\"ENI\",\"Ferrari\",\"Intesa San Paolo\"]\n","\n","Stocks_Value = [[7.558,7.809,163.05,1.8012],\n","[7.518,7.774,162.85,1.804],\n","[7.61,7.666,165.4,1.7892],\n","[7.55,7.696,161.85,1.7758],\n","[7.392,7.623,160.7,1.7706],\n","[7.555,7.75,162.6,1.7938],\n","[7.495,7.542,161.25,1.7604],\n","[7.663,7.654,160.8,1.7934],\n","[7.612,7.609,160.05,1.8004],\n","[7.671,7.597,162.1,1.776],\n","[7.59,7.475,161.65,1.7768],\n","[7.627,7.607,162.35,1.7706],\n","[7.575,7.674,160.7,1.7546],\n","[7.401,7.633,160.55,1.7404],\n","[7.42,7.413,159.9,1.72],\n","[7.25,6.97,154.8,1.632],\n","[7.362,7.083,156.35,1.6424],\n","[7.431,6.969,156.45,1.6132],\n","[7.363,6.82,157.05,1.608],\n","[7.32,6.677,154.9,1.5806],\n","[7.465,6.855,157.2,1.6242],\n","[7.488,6.687,156.25,1.6124],\n","[7.431,6.685,157.05,1.6054],\n","[7.442,6.484,157,1.5854],\n","[7.459,6.472,155,1.5858]]"]},{"cell_type":"code","execution_count":null,"metadata":{"id":"8iEA4eFRjbZt","outputId":"75b18ea5-c6f2-41e7-aa20-fe80feb16aaa"},"outputs":[{"name":"stdout","output_type":"stream","text":["\n"," Ordered Stocks:\n","[7.558, 7.518, 7.61, 7.55, 7.392, 7.555, 7.495, 7.663, 7.612, 7.671, 7.59, 7.627, 7.575, 7.401, 7.42, 7.25, 7.362, 7.431, 7.363, 7.32, 7.465, 7.488, 7.431, 7.442, 7.459]\n","[7.809, 7.774, 7.666, 7.696, 7.623, 7.75, 7.542, 7.654, 7.609, 7.597, 7.475, 7.607, 7.674, 7.633, 7.413, 6.97, 7.083, 6.969, 6.82, 6.677, 6.855, 6.687, 6.685, 6.484, 6.472]\n","[163.05, 162.85, 165.4, 161.85, 160.7, 162.6, 161.25, 160.8, 160.05, 162.1, 161.65, 162.35, 160.7, 160.55, 159.9, 154.8, 156.35, 156.45, 157.05, 154.9, 157.2, 156.25, 157.05, 157, 155]\n","[1.8012, 1.804, 1.7892, 1.7758, 1.7706, 1.7938, 1.7604, 1.7934, 1.8004, 1.776, 1.7768, 1.7706, 1.7546, 1.7404, 1.72, 1.632, 1.6424, 1.6132, 1.608, 1.5806, 1.6242, 1.6124, 1.6054, 1.5854, 1.5858]\n"]}],"source":["# 1. Trasponi la lista di liste delle azioni (invertendo righe e colonne) - 1 riga di codice\n","\n","Stocks = [ENEL,ENI,RACE,ISP] = [list(s) for s in zip(*Stocks_Value)]\n","\n","# Alternativa:\n","# Stocks = [ENEL,ENI,RACE,ISP] = [[stocks_today[i] for stocks_today in Stocks_Value] for i in range(0,4)]\n","\n","print(\"\\n Ordered Stocks:\")\n","_ = [print(st) for st in Stocks]"]},{"cell_type":"code","execution_count":null,"metadata":{"id":"uJhfPTBBjbZ5","outputId":"dff957ed-4989-42c3-f403-775a0a21b902"},"outputs":[{"name":"stdout","output_type":"stream","text":["\n"," Means:\n","[7.489920000000001, 7.288959999999999, 159.514, 1.7086640000000002]\n","\n"," Std:\n","[0.1105893002660444, 0.45743063955095964, 3.022813259200772, 0.08600615714393164]\n","\n"," Correlations:\n","[192.12473489492243, 45.566295852883215, 149.65075760071758, 56.76960668863885]\n","[45.56629585288322, 11.579603460012592, 35.93313648840062, 14.16396588972437]\n","[149.65075760071758, 35.93313648840062, 117.02824744092021, 44.60817750821189]\n","[56.76960668863885, 14.16396588972437, 44.60817750821189, 17.445345815723435]\n"]}],"source":["# 2. Trova i valori attesi (media) dei prezzi di ognuna delle 4 azioni - 1 riga di codice\n","\n","Stocks_Mean = [sum(st)/len(st) for st in Stocks]\n","\n","# Alternativa:\n","# Stocks_Mean = [sum(Stocks[i])/len(Stocks[0]) for i in range(len(Stocks))]\n","\n","print(\"\\n Means:\")\n","print(Stocks_Mean)\n","\n","# 3. Trova le deviazioni standard dei prezzi di ognuna delle 4 azioni - 1 riga di codice\n","\n","Stocks_Std = [(sum([(st - stm[1])**2 for st in stm[0]])/(len(stm[0])-1))**0.5 for stm in zip(Stocks,Stocks_Mean)]\n","\n","# Alternativa\n","# Stocks_Std = [(sum([(so-Stocks_Mean[i])**2 for so in Stocks[i]])/(len(Stocks[0])-1))**0.5 for i in range(len(Stocks))]\n","\n","#Stocks_Std = [)(sum([(sv-Stocks_Mean[0])**2 for sv in Stocks[0]])/(len(Stocks[0])-1)))**0.5] #for st in zip(Stocks,Stocks_Mean)]\n","\n","print(\"\\n Std:\")\n","print(Stocks_Std)\n","\n","# 4. Salva in una lista di liste tutte le possibili correlazioni tra i prezzi di ognuna delle 4 azioni - 1 riga di codice\n","\n","Correlations = [[sum([(Stocks[i][k]-Stocks_Mean[i])*(Stocks[j][k]-Stocks_Mean[i]) for k in range(len(Stocks[0]))])/(len(Stocks[0])-1)/Stocks_Std[i]/Stocks_Std[j] for i in range(len(Stocks))] for j in range(len(Stocks))]\n","\n","# Alternativa:\n","# Correlations = [[sum([(st[0]-st1[1])*(st[1]-st2[1]) for st in zip(st1[0],st2[0])])/(len(st1[0])-1)/st1[2]/st2[2] for st1 in zip(Stocks,Stocks_Mean,Stocks_Std)] for st2 in zip(Stocks,Stocks_Mean,Stocks_Std)]\n","\n","print(\"\\n Correlations:\")\n","_ = [print(corr) for corr in Correlations]"]},{"cell_type":"code","execution_count":null,"metadata":{"id":"daDRcGXRjbaE","outputId":"ae2c6237-e82c-44ae-8567-8c0ed9fbef06"},"outputs":[{"name":"stdout","output_type":"stream","text":["['Enel', 'Enel', 'Enel', 'Ferrari', 'Enel', 'Ferrari', 'Ferrari', 'Ferrari', 'Ferrari', 'Ferrari', 'ENI', 'Ferrari', 'Ferrari', 'Enel']\n","['ENI', 'ENI', 'ENI', 'ENI', 'ENI', 'ENI', 'ENI', 'ENI', 'ENI', 'ENI', 'ENI', 'ENI', 'ENI', 'ENI', 'ENI', 'ENI', 'ENI', 'ENI', 'ENI', 'ENI', 'ENI', 'ENI', 'ENI', 'Ferrari']\n"]}],"source":["# 5. Trova e salva per ogni giorno il nome dell'azienda la cui azione porterebbe ad un profitto maggiore o una perdita minore (in termini percentuali) se acquistata quel giorno e rivenduta il 2 Ottobre - 1 riga di codice\n","# 6. Generalizza il punto 5 anche per giorni precedenti al 2 Ottobre - 1 riga di codice\n","# 7. Ripeti il punto 5 nel caso in cui ti interessi identificare il profitto minore o la perdita maggiore - 1 riga di codice\n","# day_idx = Dates.index(\"18/09/2020\")\n","\n","bestprofit = [[Stocks_Name[k] for k in range(0,4) if s[k]/Stocks[k][Dates.index(\"18/09/2020\")] == \n","               min([s[i]/Stocks[i][Dates.index(\"18/09/2020\")] for i in range(0,4)])][0] for s in Stocks_Value][:Dates.index(\"18/09/2020\")] \n","\n","print(bestprofit)\n","\n","worstprofit = [[Stocks_Name[k] for k in range(0,4) if s[k]/Stocks[k][Dates.index(\"2/10/2020\")] == max([s[i]/Stocks[i][Dates.index(\"2/10/2020\")] for i in range(0,4)])][0] for s in Stocks_Value][:Dates.index(\"2/10/2020\")]\n","\n","print(worstprofit)\n","\n","# Per informazioni sul punto facoltativo chiedere direttamente a Jean Paul G. Baroni +393315969286"]}],"metadata":{"colab":{"name":"Baroni_Finanza_sol.ipynb","provenance":[]},"kernelspec":{"display_name":"Python 3","language":"python","name":"python3"},"language_info":{"codemirror_mode":{"name":"ipython","version":3},"file_extension":".py","mimetype":"text/x-python","name":"python","nbconvert_exporter":"python","pygments_lexer":"ipython3","version":"3.8.5"}},"nbformat":4,"nbformat_minor":0}
